711.383
718.772
725.597
726.468
727.693
732.076
737.480
741.109
741.826
742.670
746.210
746.732
747.210
748.089
749.159
749.526
749.724
750.314
751.579
752.092
752.226
753.759
754.253
754.270
754.959
755.227
755.479
755.551
756.282
756.615
756.652
757.261
759.233
761.034
761.458
762.159
762.504
762.802
764.428
764.431
764.725
765.098
765.904
766.001
766.383
766.501
768.068
768.325
768.568
768.964
769.204
769.637
769.682
769.740
771.355
771.917
771.988
772.522
772.575
772.624
772.634
773.222
773.463
773.893
774.288
774.799
775.166
775.611
775.991
776.988
777.098
777.916
778.397
779.246
779.407
780.385
781.029
781.233
782.699
782.804
783.673
783.689
783.934
784.364
784.677
786.691
786.738
786.987
788.156
791.371
791.389
792.068
792.167
793.314
793.404
794.894
802.665
804.312
814.329
828.216
