839.597
815.682
844.404
827.140
770.460
789.647
846.429
868.899
817.909
824.542
878.220
822.769
789.296
803.294
819.711
917.988
855.365
859.281
884.494
842.956
829.414
826.917
838.997
826.757
830.913
806.532
849.795
823.925
833.834
821.805
776.715
875.083
822.310
821.334
838.773
852.170
791.784
847.134
812.831
786.786
806.599
857.724
846.852
841.599
816.018
833.085
860.729
816.226
803.248
848.862
803.902
791.227
851.297
869.881
787.880
849.422
873.237
811.206
831.751
847.191
812.692
782.761
818.050
802.216
839.189
809.478
801.040
798.339
848.238
803.011
821.816
810.463
880.024
841.114
880.458
862.244
787.481
813.871
771.497
800.737
871.113
832.454
792.595
821.418
835.374
811.755
779.966
816.405
864.385
839.830
834.768
816.441
825.648
925.559
826.871
805.194
813.709
783.416
803.248
846.949
